3882
5563
5
2237
2930
1041
8928
8059
7298
7168
9941
3990
4440
3104
3826
2617
210
5989
5658
4149
3433
5511
3490
6113
6044
7548
3454
3348
9481
648
7121
3097
3401
7041
5225
3775
5203
4161
3785
9141
9554
8180
9779
8222
1919
1835
2158
5950
9609
7644
3565
4616
627
3761
7703
8873
2487
453
4831
2742
7625
5190
194
8346
6497
6229
5812
4767
4575
5554
2708
1393
8568
7432
118
3370
4488
2528
6433
259
8689
7290
3911
6849
7812
2516
4681
1721
2710
266
405
1454
2348
93
22
3792
6590
9960
5157
8401
2395
9631
9075
5322
7344
6743
1822
4338
409
7467
5574
6348
5383
4511
4755
9979
8316
1086
9796
2917
7042
2836
8649
3301
2785
5003
1119
6974
6617
5131
2790
6192
3537
9753
4860
6996
9072
5803
9259
5564
4659
6172
3658
8155
6915
6552
7102
2013
4009
9028
1485
7473
3326
9344
9711
1348
6602
4807
1229
8974
7907
6184
9798
3664
2529
3842
7994
1447
3931
2733
5570
6669
3422
525
4381
2200
8284
6954
6236
699
1262
9605
2956
5274
4547
3878
728
6390
6996
6731
1034
7165
5584
6909
6541
8503
4673
396
1953
3925
5009
6918
5812
3292
6977
2770
8712
1943
5738
505
273
4362
2992
5089
3303
6547
1277
6837
150
9189
5526
1788
4357
8411
1259
1251
6804
491
3284
4704
6332
5589
5967
3646
7733
2732
7253
9463
497
3744
535
6875
5234
8798
9744
3004
9694
7767
4918
3886
5815
72
6604
1571
1809
9439
900
9464
9889
9164
3080
5004
9248
1407
1319
7664
5366
1985
8045
6569
571
2768
1245
9252
3559
4477
1466
86
7650
5020
3310
4455
9223
4110
9569
2416
7765
1360
6423
1039
7493
7810
587
701
1750
1627
3531
3534
1800
4673
3374
759
6227
6515
4069
8482
7008
3134
9893
1997
9050
521
9988
8806
9353
3156
4231
4845
4585
1329
1721
9509
4681
279
4079
6407
8649
7421
5898
9253
7060
3255
6243
3111
2553
930
9093
8434
6024
3295
793
132
8749
4337
3670
1395
5892
1030
4775
7591
6092
3592
8677
6744
1502
3344
9587
3385
1246
1325
8196
2527
3592
4541
4677
2333
6073
1226
4736
6336
1270
79
2440
4707
6662
1674
6371
6202
4173
1959
8750
3419
1779
789
9440
8368
5731
264
9246
1557
241
8353
4834
4726
3830
8031
4923
248
6073
3297
625
3677
3501
6458
5798
2268
1751
7089
6022
2076
993
6563
9171
6424
7509
8393
6170
6116
3625
1246
8448
8469
9091
3601
8662
2509
5995
6774
3068
6433
5841
4057
9110
2996
9552
7878
9471
2964
5400
5659
1977
4799
9849
5905
4819
5211
5290
5610
8532
5023
2620
6292
164
6167
3114
3168
6204
4616
522
8712
5834
5215
4713
3047
4230
3106
1404
7339
5501
1167
1526
3252
5602
3632
5301
2161
5189
2229
2111
8114
8166
8865
1654
6301
4591
9478
6869
5169
8464
2090
5460
4596
1753
9473
5865
8816
3273
7065
6417
593
3380
3475
4410
6105
4710
4622
8552
6202
5380
8725
1450
1085
5504
1627
7986
6562
7032
1736
9716
1776
4112
8470
867
4674
3583
4127
4057
2253
3388
5456
4928
7692
7507
3112
1956
3081
1156
9807
5089
9312
1309
6076
3605
5311
1174
3986
3304
4712
7530
5698
9999
2612
6476
2597
9211
2527
9857
9579
6672
8322
3738
3813
1140
1582
4266
314
1811
8790
4883
2354
5962
9353
8464
2829
6698
7564
713
9267
9321
2311
5532
8926
9202
4954
4367
9977
4063
1947
6283
111
608
6603
3592
6035
6528
2889
5590
8667
1528
2774
8417
7309
417
9934
7556
8341
3048
5994
7639
4676
1106
7851
9717
4160
1958
8124
8801
6916
7849
8001
9159
8902
4178
2887
6883
5012
8964
7331
276
8195
2401
795
3057
5508
8073
2917
3770
5865
2774
6371
1493
6006
6658
3440
2988
1529
9271
9599
6396
3947
7926
5401
8373
6208
2937
6423
8693
323
2274
529
6281
4938
1926
2535
9912
6176
7449
2120
3078
824
8640
6145
5744
2190
3821
8979
7183
4238
7904
3641
6694
22
698
2037
5215
6786
4038
3328
2774
5968
8034
4118
5428
7959
1476
1640
5296
7946
9001
2911
5227
6287
8708
4122
4130
8832
401
5320
9515
5148
9811
6082
7407
9870
4952
2630
9112
6576
3880
1161
6684
4820
2517
9045
309
1845
2827
6007
490
7282
7481
435
4267
8789
4164
1951
4467
7919
2211
8178
4875
691
7671
7906
829
6506
7369
1412
5557
1146
6614
3510
5214
4531
718
8007
2585
7047
1300
4965
8028
378
4538
602
490
4566
633
5555
889
1888
4446
4041
4068
111
225
2034
1859
7151
5035
8011
5731
1876
8677
8938
8647
9654
3649
1129
7495
6106
260
4815
5078
815
4775
5836
8893
5424
8025
2602
1453
6502
2553
4039
9833
7960
9196
466
4763
1458
4432
7746
9131
891
708
2523
231
1909
4350
5519
1795
8646
6278
3939
8744
6911
4485
1135
9479
4808
9821
4832
6379
4474
8513
6521
7774
888
2466
3433
1940
3370
1048
4099
5786
5613
4742
7331
6694
7608
2422
5471
9505
5109
7690
8145
3405
4558
8169
896
3506
5085
8010
6731
1206
8280
4998
5771
8996
5082
3314
2511
6342
3029
1209
4608
867
5466
8322
7638
3601
8758
3362
7167
470
6447
7730
7790
6994
2913
2264
4510
8863
1187
4990
1336
2060
1217
5800
3910
8333
8031
1508
1792
8437
8003
2153
2112
8525
9565
5332
6612
7934
4691
8112
1716
577
5995
3717
8638
8849
4926
3413
1898
2308
6877
4769
6847
8251
7193
3242
1829
4057
1959
2537
7249
5376
4278
8173
3401
6906
9460
3433
3807
4052
2900
9559
9512
7698
5489
790
5320
8044
4919
8672
1594
3078
3914
3369
3787
1784
21
1743
5679
4975
6327
3124
6913
6899
888
4103
9559
6484
6019
3310
8002
9530
1530
817
6999
6524
4459
978
4571
4433
8861
511
6264
9655
7143
5901
5542
3455
9878
8656
7401
209
2
2444
5915
7152
3472
5666
9862
2430
7522
490
4472
2884
7385
7836
5112
8229
4251
3739
6844
2082
1850
4571
4539
8365
7130
9973
3975
4550
810
4506
2621
8169
8738
131
9498
2835
2156
6427
8896
9996
5414
2097
4248
4456
7993
1598
8487
551
6956
5722
7594
5590
8225
8136
6314
256
9808
3839
1691
4628
276
1771
1414
1455
802
1165
8640
1742
8106
5301
8000
7909
9475
5804
3010
8873
8529
3313
4673
4868
2023
5720
6365
3927
973
6709
1963
7972
1116
2546
2608
1491
1845
7499
7959
3888
748
8145
1368
6218
7860
6310
511
7800
5996
9679
7156
247
4481
4852
8181
7075
3452
1087
3203
6220
4871
8650
5696
8251
3270
7695
7764
4557
4846
1605
4903
349
6580
5982
5583
9444
1285
9854
8715
2724
5642
7239
5817
2591
6692
3587
1673
4895
4276
4607
9015
7458
6776
9462
3749
8016
742
4703
7373
4562
8713
5338
9571
3706
174
8385
444
20
5649
8411
2782
7195
7223
5222
9125
5654
9857
729
2623
856
963
4137
168
1052
1316
5121
9081
5688
244
4651
2705
3916
9987
3828
7055
6337
1493
837
8711
8679
8203
6948
4471
360
8416
8046
9385
9737
3776
5311
2927
1459
9119
7836
2458
3007
5282
9609
7636
4184
7098
6761
4935
4317
4711
7531
793
5387
3440
2428
5345
1532
6628
149
3310
2260
4900
7658
8536
9571
3576
6588
3700
2706
5368
58
3984
1594
320
2037
436
8749
5383
6145
3181
4702
1596
2132
8914
6704
854
1118
8610
2627
31
4636
4969
927
8331
4067
6547
8559
6566
5136
150
1291
5241
1049
3573
2979
4089
396
3726
8259
2060
1718
6574
3732
2727
6301
5474
3683
5093
6132
3148
5144
8812
7012
6933
9570
5828
3310
2990
3262
2941
4844
1700
5380
2290
9418
2482
7422
3516
3246
9451
4958
9803
3111
6804
4596
8613
1236
9829
8446
4222
3227
1712
4728
8064
6809
5611
6968
408
6258
6710
626
4885
5776
9630
8479
8406
8496
1311
7049
1835
5375
7375
6989
4145
7511
2481
7730
1243
9977
6006
4282
8958
9708
7697
8361
5065
8187
7279
8921
6699
9340
4097
778
1667
1256
629
1478
4273
187
9508
548
2966
1385
4647
817
4936
5342
2305
9866
8389
69
6500
7052
3594
4617
9333
4820
2934
2707
3278
8208
2625
8593
1489
685
8015
9695
8708
1969
423
3099
5323
4056
4184
7436
3800
8860
9986
8155
128
2867
5271
3077
6366
4002
534
969
6971
613
4812
4162
615
4952
6847
3386
590
62
650
918
1490
7424
5833
8670
8977
9025
7294
3183
6747
6697
6884
7395
3237
1362
7823
6423
2064
2834
4631
3246
6061
4005
8876
7273
1606
1573
2896
1144
167
1173
2142
8996
3456
5269
4288
4866
6399
2465
4722
7679
2516
7417
7726
1656
9166
3042
477
2214
7696
277
6871
243
4086
6647
5756
9242
6773
7145
8035
4988
372
438
7085
8715
4510
5854
9429
1905
1830
9760
9021
2892
8010
3254
2670
2302
2659
3090
6801
3870
4792
9598
1940
7396
9020
4516
5898
5835
3049
4934
3703
504
2631
9619
1702
5198
3948
2884
9881
3509
7460
5354
4160
3816
2517
445
1895
28
697
1606
8689
4877
9634
9107
7870
3247
4937
4691
2654
6095
989
813
8854
6024
3711
1589
1775
220
4090
2703
9451
6514
4669
1424
8291
5614
5969
5405
7526
9918
224
1642
1811
9214
566
6027
7531
2317
7220
672
2164
394
5193
2553
3684
2817
2300
5229
351
8941
294
5669
7958
4875
2538
4236
5521
2046
9947
1887
5707
3445
7887
2007
3612
2632
201
9265
3174
5580
1447
7990
6527
8115
4648
6394
6692
7923
5470
6855
5632
2266
8863
6982
2840
1114
155
6760
881
2047
9590
9233
3268
8405
7762
637
4490
8774
594
456
6002
4812
8096
6198
6240
7470
3861
9044
3930
5598
6063
1310
8993
9972
202
7409
9098
4740
1205
299
2204
6739
5734
7252
6617
6978
3651
2922
3883
305
5180
3343
1468
872
5041
1840
3050
7517
5587
2523
9586
9447
1933
9197
8337
9393
2328
3304
7823
4329
210
7553
5423
2638
875
2104
5475
2982
9639
7895
8088
7730
8217
16
2313
6485
6240
9994
4553
8055
9028
1171
2436
3156
3768
6839
6413
7076
2479
8667
7125
6090
784
8103
6228
1929
5438
4739
9878
4678
2499
5416
8660
1937
1213
6307
5850
2600
3584
9186
1181
8762
4805
6682
5395
8705
1592
1118
4902
4048
2211
8627
4361
5167
8479
7658
1585
2782
8706
9760
6179
8608
6958
7501
8424
5934
6189
5031
8437
353
9483
7346
5204
4910
4640
4099
2802
8693
9732
7880
7569
8513
4383
2757
2088
9065
8416
5090
8030
9638
3249
6284
4491
7546
965
4614
9941
9731
2904
5777
389
5378
5036
6912
3648
7749
1801
1804
3524
5000
9775
3969
9760
5551
2759
403
9854
8350
1123
6210
8741
6046
7775
6231
899
3114
1440
5829
7577
2888
4071
6943
1709
1448
354
5149
6893
9369
8583
3653
3608
8026
201
5716
2516
9366
2692
1347
2649
2864
3031
577
7646
7438
4921
2971
4011
967
1975
2407
457
5010
1054
9293
8338
5769
9341
1538
7538
7567
4226
3872
8371
1257
5944
7265
2317
4541
4022
948
725
8788
4925
7724
1955
7642
4255
6612
2274
3345
7005
4675
800
3191
8200
846
2629
3369
6092
9278
4438
8313
5682
8110
530
1469
8034
5086
2963
49
2614
6937
8135
6529
8323
8587
436
1571
4197
6126
8111
1997
4116
8970
1753
3963
2654
2353
9000
5605
3681
2492
6371
4921
261
2993
4508
9848
1443
474
3640
7868
6213
9766
7407
4311
7874
910
1245
8789
1838
4547
5164
1695
1928
118
690
2347
4928
8035
8235
2189
8728
5573
6519
4524
6272
7903
4792
9554
5578
746
5805
6310
5827
5924
1743
6715
2354
6810
865
6525
7268
2008
4200
6208
6718
5555
89
1941
926
3279
6611
2316
349
5041
6520
3617
7833
8471
5784
7936
918
690
2823
2982
2103
8565
4256
2132
7900
3351
1812
875
3000
6951
9612
717
8373
193
6666
2788
7218
3540
6994
7347
2766
257
1948
8144
5054
6296
2966
2061
4311
8242
4107
6863
8475
6250
7959
3600
5075
1367
3230
1948
9063
4858
6103
1115
1940
8965
9440
8496
7702
3942
9707
5144
9514
3651
5081
2567
9804
4500
5785
2244
9597
3881
9489
1415
7944
2538
5738
664
4426
7921
5971
4415
6453
6104
1922
2844
8753
4062
1250
7220
8178
3518
5532
4446
5244
4686
3922
5690
755
4610
9261
771
5109
222
5524
7691
6825
9236
3741
3863
2429
5152
427
6248
2988
5147
4910
3826
3451
6178
3591
3181
2651
3818
6293
8295
6527
4769
9063
1731
7816
3824
4772
8214
6484
3259
8898
5454
7133
2626
7682
5573
9990
7239
5551
2656
4977
9177
3525
2909
5518
7117
4703
2751
2589
7848
3897
9689
5290
6909
9512
3661
5229
8579
5905
240
419
3291
8607
1165
6323
5156
7363
9447
3838
6352
2883
1502
9982
9579
1102
8448
790
601
9244
4420
4711
1387
4495
2551
3986
3344
7365
6786
1774
3866
33
1694
4274
8846
2744
6765
7034
9883
8333
6090
3134
4755
4390
1174
7139
1477
6075
8548
6463
8637
3623
4213
3607
61
510
2964
8787
2938
713
1622
1050
2455
5093
3352
3776
4490
9548
5699
9752
6354
6936
5346
3800
209
5916
6565
6219
2173
5460
2773
5144
1169
5676
5564
8703
9790
4257
5954
4701
9963
2397
8866
5920
2462
4216
7603
866
8741
601
5575
4848
2774
9128
9248
6288
2015
6957
6742
2071
5948
2239
7283
2745
629
7467
3216
7642
5257
8707
8338
2153
5510
3592
6113
6476
6582
9102
2388
7761
928
6045
471
7140
1751
4390
3409
3735
7216
5981
3760
6744
5015
3433
3702
8369
4831
1139
5685
4122
9801
5378
4902
4167
3913
6233
4507
3791
944
2117
2507
5190
6287
179
2072
8645
384
6572
2305
1465
7555
6350
74
501
1229
4116
8568
3881
4314
8338
2818
5340
6362
3901
1824
6710
1173
9201
7007
3685
6410
1078
6511
3713
9617
9030
3312
8672
7402
3272
5222
2784
6496
5066
994
6042
7011
7378
6270
2774
5164
2932
2775
7667
3492
3299
7431
9770
8234
2605
5314
7844
2410
535
2561
5191
7196
3483
521
2079
7171
3368
4465
9523
5128
9926
4755
9294
8680
98
3828
2327
490
2765
1299
708
1664
2659
5709
200
3553
4922
1489
3050
7594
9971
6441
4328
2685
3960
5442
3386
2249
450
7238
7659
3416
681
4735
480
5239
4398
6947
2627
1801
2252
502
7741
1096
7823
321
4702
4055
5373
8421
6763
9961
2192
5073
274
2592
203
2783
2432
8835
8694
6300
8941
1056
5879
1728
1372
4382
8862
4200
8238
3797
8556
8833
449
1584
1472
8847
9036
6333
1065
9563
6666
6839
6997
5906
4286
8828
5352
6079
6330
999
2016
6446
5381
7484
9702
646
4840
2784
2742
373
6107
8948
2961
6366
8203
748
3948
6938
6879
9818
7948
2549
1582
8715
2878
370
1455
7614
7491
8560
8785
7964
9796
2537
1036
4110
45
2803
4536
7712
737
577
3631
9196
5013
275
2216
8460
6461
9658
1385
589
820
9770
3764
9867
3333
6206
4278
2693
8890
6488
571
5250
8040
382
7780
3683
4329
5646
7833
8851
8729
1650
3312
7345
1311
528
2694
3637
5898
141
1941
5815
1981
7926
2548
4353
8118
1636
9153
3073
9020
7816
2671
6405
9530
5556
669
6502
9747
6065
9346
1904
5509
7145
7026
9257
1325
7236
3650
5863
5688
5421
6277
8621
9769
47
2293
6929
5596
2819
6375
583
5324
2749
51
842
3813
9578
1137
3580
5501
4300
1720
3048
1444
3893
4309
1765
7762
7022
8410
1544
1318
3205
5972
7596
9876
9859
4066
6545
1512
2541
7995
3363
3541
9666
8506
6439
482
6546
8494
1217
249
7010
6015
1331
2632
7439
5205
5305
8575
9679
5906
8360
4918
7695
7255
5763
2554
1655
2178
3845
1778
1845
5392
4945
3839
5987
4442
8526
497
3959
8994
3086
6807
6614
4694
194
5380
3373
1812
3686
6411
4273
7476
9313
8087
3123
582
6471
7640
5349
477
9772
2377
3048
6282
7356
364
3403
5717
5072
9935
9293
9843
3179
4959
9403
9412
898
4006
3985
8914
9744
2991
5923
5967
8013
6549
5806
1515
481
7100
7059
4403
6169
5185
1376
2294
3774
1523
1121
8607
4538
421
6168
4763
4177
4641
6316
6266
5080
8580
851
5213
6339
3525
4212
5842
356
9109
4350
1027
1543
9086
3711
7777
9092
8127
715
1999
2518
1144
2290
3138
4144
1013
442
7736
1386
2144
7304
8816
1427
3021
7056
4523
5863
4642
534
9312
7690
7045
7570
8043
1410
4467
6891
8291
5471
5817
3054
9424
2970
1500
2597
3009
611
1013
3661
1900
6636
2332
182
819
6191
9943
6833
232
542
6607
6218
9276
311
7416
2723
8332
5465
151
7566
5262
6878
3483
5534
4076
2216
502
8592
7688
5241
9060
8033
5895
4943
5350
3346
9244
4692
1745
1195
9218
1354
5207
1205
6286
6766
170
9328
6499
6561
1874
2028
9877
8662
9752
8401
8938
9835
3479
3232
4952
5688
8871
8965
4637
2977
3175
5973
7732
6993
452
252
9782
8902
9472
4805
3791
5289
9757
3808
1333
3412
4559
6204
6458
2093
6132
5016
8599
5444
4068
7693
6015
4389
8004
6752
6584
4165
513
6938
7596
6495
338
1531
9517
8855
7965
5918
9460
217
3695
5327
4812
8394
2449
7537
1334
7824
9229
2778
5927
195
1614
5278
2089
6332
3473
7260
6870
4722
4124
5253
5659
3279
8036
7643
210
4597
9726
8235
7438
9618
8184
5168
7611
805
2887
3347
4426
9371
8595
6075
4423
8476
9151
1272
8817
7991
908
2692
2697
5159
9162
6140
7382
4660
1675
5647
2315
4853
1420
3823
341
5302
7867
2151
3774
8295
2449
9145
4139
6655
1988
8767
3969
2837
7198
7800
3218
4802
3471
197
6226
4324
9802
7808
1825
9089
5853
9128
7950
9520
8706
6449
3515
943
5171
8390
7407
7191
8057
3580
3653
8434
1336
566
8970
6640
2361
4865
9844
9885
9578
1113
5393
5897
5058
662
6012
6761
4798
8910
8404
3883
2094
4940
1288
8820
7942
6715
5549
8190
5593
9433
2380
7538
2687
728
3786
3241
3290
1209
6479
1128
6908
8395
190
8242
6761
4796
1871
5312
9049
8791
2670
5166
2152
9153
9232
516
4368
6746
8566
4033
1926
1529
14
5111
5786
6703
7544
2155
7013
655
6502
8661
2521
341
2406
5031
5817
6219
3920
7730
7908
1841
9273
3217
674
2931
295
1956
1111
2562
5239
4050
1231
9260
6516
7974
7486
2434
1162
1593
287
4975
1341
1081
5970
3768
7293
5760
2825
392
7257
7622
1939
7777
1643
703
7649
1546
3695
18
7264
8350
7623
4599
3667
6019
8015
9551
3671
9844
6875
8198
7744
7896
4279
1494
3845
8055
9671
5734
9214
4226
7120
2723
5905
1210
8130
3607
5544
4671
8108
6162
1167
3379
2849
7429
9254
6083
4275
9804
7065
1048
1330
70
1659
6069
4233
2441
1323
3736
7150
9148
5282
5491
19
5387
5431
5096
4415
9941
6606
8542
6689
1847
6454
4182
4672
32
4569
8542
7771
8822
8818
5290
5239
642
4849
1893
6189
2539
6804
3498
4181
7829
5040
54
4286
3459
709
521
6655
1775
9423
6719
5862
5514
1430
355
4874
6872
2873
1054
7449
5087
2680
6240
7995
6877
4560
3091
2577
1065
661
1070
2747
6190
4537
5233
4483
8786
6004
2456
2121
8360
1350
3501
7646
440
3632
907
2454
1490
6364
4002
9776
7196
6642
6465
9784
81
4897
3159
5759
6850
4308
1401
2833
4574
9268
8717
7158
4046
9522
6092
1929
9961
3137
2375
2499
1829
8434
3854
7753
6158
4448
7741
6891
2448
2993
3326
666
8210
4874
5810
2180
8803
3707
7503
5755
7054
804
563
6443
1405
8078
7154
5339
2263
4726
9159
4878
5302
3917
5931
5343
2242
2483
2483
1263
6932
5343
6089
2695
3074
1774
3911
9517
9770
7902
2339
1153
4450
6979
9239
94
5586
9579
6199
8744
4882
3776
3909
1846
7115
2788
5108
4133
3448
1258
6995
1966
5791
7479
2932
3528
551
5505
7752
9662
3645
6523
601
3904
7803
6014
7616
6325
3783
1050
9882
4081
5873
5481
9461
6344
1662
4708
7471
7760
2651
9198
1974
4856
8557
9443
4384
7933
9764
9898
9866
8671
543
8025
9209
3749
1894
9989
6647
5179
4562
1044
2483
1622
5904
6419
800
3923
4482
1577
2025
7486
401
7046
5000
4799
6590
3400
4714
6303
6590
6254
7546
8427
2316
2021
3280
9615
8800
9704
2859
580
6382
4766
7250
1536
1714
6575
7815
6637
3096
2121
8308
8934
4998
9263
3238
7491
2808
7642
2559
4663
7989
5311
564
5286
160
6259
2682
3677
8825
3945
9041
7948
3690
999
9900
9936
9672
8059
3291
6365
7394
7018
1037
9467
21
5324
6246
3081
22
6014
6913
8797
1980
6220
5328
848
8671
6120
3449
5265
9138
8745
2772
7225
5595
2071
8814
2824
9480
804
5803
8000
8900
3562
4548
7777
9876
349
2508
5469
4026
4567
212
647
6403
9157
4226
5778
7354
2859
73
606
3100
8228
1574
2735
909
4544
3946
7745
8941
6657
2620
3170
5354
6355
4515
1512
8942
7559
554
116
4518
3923
8229
2721
4498
6998
7529
5649
6723
9083
2913
2483
7425
5311
2375
364
8801
7271
996
3651
6744
9802
6314
3878
4947
9113
4949
4962
2135
514
9098
773
6165
9155
8816
9013
4488
3660
1046
251
5047
5571
7881
5776
5864
6294
6405
4214
7268
928
3228
8232
8578
954
2519
319
882
6792
6074
5020
6313
6173
6233
1435
1505
4644
1886
3697
7906
1860
1281
5481
6465
825
4212
3767
1921
8978
726
3866
4762
9760
6028
3129
4352
6751
5555
7316
6631
5094
5755
4319
1782
1437
5466
5597
6006
3378
7469
2327
6049
7118
6761
7505
481
8262
5981
1694
8076
6905
8221
6304
4333
9639
9176
6364
5926
7588
186
1160
2670
4158
9595
3052
5778
2887
8333
6356
631
2293
5568
90
6641
8587
9130
5057
5150
5209
4147
9703
3484
2348
631
2324
6482
3638
1427
8161
5615
1101
638
110
464
6122
4746
7766
8525
9843
5110
8194
516
9878
599
3714
9863
1295
2397
2378
6532
314
8683
6216
5698
734
4102
8516
8701
7904
7830
4175
1195
9062
6095
8083
9065
1550
4760
4531
3965
3762
6491
9254
5969
7575
7161
3608
3398
2366
8801
5566
369
1375
6766
4700
4077
5485
9084
516
1009
3931
98
5067
1087
5555
7026
7089
8409
8899
2718
251
7400
6847
4829
8836
5842
4097
3818
9096
3090
2120
1219
5106
5897
2444
6088
9664
3492
6547
1041
1811
7273
1191
8573
6782
8873
3628
4410
1577
2405
9706
1397
9866
2193
3649
7556
3842
4568
8855
3497
4336
1181
2167
747
8454
5855
1481
2483
262
3877
9615
6530
7803
729
1240
1255
2023
7469
408
8621
2823
328
794
987
7768
4183
8479
1632
841
6159
7911
6903
9641
7896
4768
5053
1650
28
4078
6840
7288
6639
4193
7946
6819
2851
6721
9203
1207
4749
9081
3450
1252
8967
7013
8911
7831
9456
1084
3705
8673
8894
3016
1486
7570
2405
9967
9867
8828
8429
3409
147
1928
4976
8281
9509
5571
1954
380
8003
5533
5796
1849
6225
9061
8977
8743
3555
2415
6243
1158
1876
6720
4771
4327
5670
5485
7967
6521
2827
4797
1644
6461
7053
3439
509
4840
9975
638
5018
799
1469
4428
3206
3701
6852
2005
5381
4553
3015
7249
7903
2412
5072
9443
5172
4765
6053
2134
7241
3919
2342
7961
434
9533
220
2992
1589
6325
1928
8179
2666
4989
8071
4731
2003
1576
7382
8883
796
7359
9815
9695
4279
199
2439
2531
1038
2965
5597
4207
3142
5024
2709
9709
5201
5959
5494
4232
9392
2156
6383
4724
2735
423
7083
8719
5354
8705
9135
9345
8856
2919
2548
9713
9275
8048
5167
5802
800
4218
9334
6710
8501
8424
4655
9448
9442
548
7589
5481
4718
6517
8400
3761
1715
3751
8256
5545
4164
377
1250
566
4637
1456
8691
9836
662
7573
3002
587
2460
1097
8186
3423
2257
9720
7666
33
6148
7471
6931
1653
4804
828
1742
9709
5559
1292
1600
4897
6761
5559
697
4615
3327
2258
8780
7069
7288
6980
6151
6449
6612
372
3790
3508
4694
699
6444
7877
7185
7328
2400
8456
5960
5773
3485
8151
9514
2260
7115
3756
1977
4145
8699
9694
9324
2108
4170
1793
8049
570
4962
2977
6886
9100
3781
2898
4428
2575
633
8471
28
8025
6567
8091
7160
8586
4177
5789
6968
1532
2518
5349
5433
6627
3384
7117
8744
9436
5262
9774
9436
8122
2101
5993
7337
2028
6126
8572
9110
3784
5518
1106
7945
9430
3510
2937
1607
3986
6411
6284
974
303
9567
5230
6510
7141
4102
7165
9765
5023
4658
4505
6768
1088
8427
8295
788
7778
5532
1823
1371
3770
9448
6927
693
9118
6649
4497
1243
4169
5172
8727
9948
52
3634
5186
4557
3848
1103
9054
2657
5816
4914
7871
7880
7838
803
4936
94
5203
8531
2271
8892
9063
3217
3112
390
7382
5852
9271
2593
7566
145
601
6689
5192
2554
8430
2582
7141
7029
46
8240
7654
2480
9624
7275
5487
894
1339
4958
305
5875
5891
698
7143
7680
6373
3940
7068
1439
5879
9736
7263
9687
1689
6942
68
2147
519
6574
3096
5376
6015
6949
5389
8054
257
3285
2637
4433
2985
4506
6394
292
558
8545
5797
6109
9548
4109
29
8357
2241
8829
7725
5370
8648
8514
7060
4651
1138
6701
2529
3112
2533
9180
1374
8187
4280
2006
9728
5074
5505
6530
5174
5453
6076
5343
3343
9948
614
7647
8969
6400
5172
9963
5233
2799
3026
1343
2468
5308
1110
4263
1703
6486
1510
8760
7478
4354
9875
8492
2669
8003
8764
10
484
8979
4639
4036
2443
9890
6939
5017
9071
9908
4228
1710
5550
5411
3692
7257
1963
5212
3945
9954
923
7057
5514
574
2622
8807
9195
9255
9718
6441
6482
4046
9846
5922
5134
6738
7380
8416
5656
1307
2874
6079
7095
3099
4708
4767
3014
246
6058
1994
5742
7504
361
3723
3709
1165
5686
9452
1324
2206
1954
4369
5882
1946
240
899
1270
9611
3213
8881
7864
1329
9062
1061
7529
5649
2547
5273
4535
1586
4083
6704
9686
3182
7820
4622
48
9609
6690
517
4844
2482
6376
4453
2561
2853
8138
9701
195
9393
5411
3656
3721
1492
9693
8468
7738
227
8124
9024
6831
8702
9813
2718
1056
3377
29
7165
5517
6387
9463
5188
3757
9682
9251
6951
5553
2014
6575
9557
6972
6785
6387
5244
7460
5601
6543
1560
9670
6754
3940
7220
7117
5818
671
8698
5827
9453
7801
3539
66
2085
8359
8657
9453
5358
9510
3817
6696
7044
6960
6545
4887
8329
7993
4011
6256
6736
497
1933
8745
4817
2743
6219
4679
2103
4530
5122
404
9271
339
46
6633
4171
7862
2742
1802
8934
4715
720
1207
2214
2825
2412
4555
4073
8954
673
9941
9252
9340
4368
431
1575
1558
5532
4199
8052
8243
7838
1357
3787
4954
7175
174
4619
7904
1391
6300
6005
6599
9916
4488
5032
1401
2746
4206
1158
6775
2101
3658
1260
4583
9573
853
1732
108
72
3007
1875
2629
5171
7477
1621
8653
506
9775
8744
9829
4710
5072
6050
862
9076
9398
223
8280
2700
6187
7232
9981
3376
6997
649
8922
601
9403
1897
5581
7330
6827
5087
442
4823
9773
2828
3176
6903
358
3955
1208
6297
3781
5447
1667
1480
4794
1562
5651
9752
1257
1068
391
6734
3190
2879
6671
3968
8015
5295
674
6770
6518
6846
9303
3183
3097
33
8050
620
5490
2811
1568
7357
5366
8920
4106
9377
5255
7889
5328
7262
477
759
2506
4058
9854
8600
2609
7521
906
6845
8270
3916
6808
1316
7532
3608
2895
4165
3942
7978
3874
5172
7244
5983
6315
6316
6135
906
7169
3044
9906
6177
3835
5026
9421
3665
696
8981
6034
2802
2297
1424
3313
7687
6375
9638
4140
4595
2288
8027
7845
1382
9166
6781
6557
9241
4434
9366
8110
7782
676
8990
2401
4601
5303
4785
6592
6012
3931
719
4745
7212
413
8621
5627
2537
5122
6655
5823
8827
1093
4300
8562
5536
6546
5098
2963
7577
8683
5671
3425
9618
9686
9388
7044
4198
7033
1896
631
8911
7083
4784
1574
4639
8630
3981
9497
8366
3142
2974
8856
2177
4796
6121
7432
6519
7865
6375
5978
6261
2512
8560
6635
5945
7170
1457
2983
7727
5311
6280
4027
9218
9969
7609
1202
3369
4300
1569
7025
1645
9877
3612
7224
6409
6795
6050
419
8020
9419
9153
2227
2239
1791
9462
6673
9885
1589
2767
1824
2447
1330
7439
6482
2163
7805
1333
300
6767
8909
9918
9698
6041
1821
8753
6211
1065
1332
9450
2644
1061
5602
822
7577
3651
9048
5316
1969
246
6973
993
8965
9764
1253
9410
1790
7578
5654
6017
504
4309
5459
2902
8212
5384
1556
2432
2610
2332
2543
694
8895
4322
3203
6790
1168
1737
7491
8386
4888
9453
5621
1630
3356
5277
7814
228
7252
2181
6245
8005
5636
9163
516
9514
3664
7411
4137
188
6680
7476
3826
9322
7698
5149
8508
261
2214
7728
1047
4784
1392
7877
3562
4798
1379
2504
2838
8212
5633
678
123
3475
6034
5800
5464
7050
3409
2091
999
4587
2462
191
3601
3073
1227
4708
7044
5530
9704
7901
2997
5816
3649
833
8340
465
7734
4984
7637
2749
8846
9847
8444
2701
6485
4051
7634
2523
7237
2256
2556
6922
4334
6773
5140
5152
6184
5258
274
6132
9860
3121
5176
3915
7017
4540
3501
4460
5689
3892
1073
4218
4772
8589
4207
4222
4981
3986
4680
659
3685
7792
1133
1930
1051
314
7247
3558
3580
6082
5212
7943
2082
8496
50
4215
7151
3989
8129
9646
6224
4535
2223
9892
6041
4363
9101
3294
4968
2315
677
3515
441
4002
3974
6843
6700
1632
8902
5443
5278
3283
4714
1348
7329
9982
8812
626
5400
5389
8744
9352
5115
226
1603
6663
2001
1903
5630
1444
5363
6754
4447
9574
1804
9924
5007
8618
4548
5963
4498
2061
2864
166
6794
1344
1074
956
8395
4984
6120
3031
2828
3591
9257
9585
9725
2931
2105
3490
7813
8229
1496
8156
5946
2683
7836
6725
8731
1021
7913
9378
6679
4995
9277
4633
4644
1211
2672
3969
9610
7141
4426
2971
4210
6923
6550
4153
5708
3643
7482
2090
4436
1639
5986
882
2158
5776
8466
8458
9579
5048
4912
6628
5762
5263
5475
442
3863
7986
786
9488
3668
5995
1678
135
7328
9310
3022
135
571
2944
3474
344
1993
1359
599
2821
7565
8191
2809
223
6787
7833
4140
5237
1944
5097
6696
8618
7230
2400
8608
2741
2267
3272
8881
1912
2070
9404
6922
407
4850
1101
273
6662
380
8944
1565
4553
9638
978
6563
5325
3739
9434
1636
5144
6190
602
4030
1787
3341
5283
2506
6928
5948
2623
526
675
7015
4720
5679
5774
7499
8851
2590
7061
7651
230
3339
7303
9693
5091
806
2090
4966
3335
9576
1628
1688
898
6930
6454
2946
7419
4819
4792
7597
5620
1562
6649
6623
5597
1219
5697
1067
2678
2592
6475
5284
5653
7910
9022
9896
5702
3683
3004
9121
9298
9502
1402
8006
5761
9163
1903
6180
2185
3750
9340
9234
5
354
4061
4326
3167
9788
5393
9459
8576
4357
6266
5278
3314
3451
6653
6641
6600
8287
6071
7990
1111
9246
1605
185
7142
7507
127
1399
5534
234
8902
9959
651
1986
6137
6569
7065
7505
2082
9184
3515
7360
6026
308
9765
3686
440
8799
2792
4081
3310
1105
8020
2577
8738
253
7658
8203
6339
5845
6774
8596
5172
2152
6772
9973
1570
9844
3911
4838
6894
7812
5664
9384
9045
6122
7341
2343
1521
81
7000
8476
3218
6123
1016
3328
6126
2387
8220
5868
7136
3835
7722
4357
4813
5932
7650
232
4889
6332
2296
2919
2502
1259
6023
7479
6144
8683
883
1074
9425
986
3696
1580
8288
1658
9770
4385
5557
8591
5441
5573
1492
6466
1087
2302
8861
2448
8068
497
1370
184
3267
5625
7119
5117
7179
7618
3450
5111
993
6319
1722
7314
8121
2365
6604
5001
4446
132
8329
8750
7582
9818
8704
4291
7998
8422
4536
6683
5334
2358
2368
1779
1806
934
8852
9240
897
1407
3333
6687
5776
9115
83
903
3617
658
4096
5636
1337
7977
2387
1978
7436
2967
1604
3515
9126
2373
6838
7504
9388
2332
2298
9478
5526
2667
2410
1049
9650
3520
6713
966
4454
1692
5213
5129
7835
3888
2235
9486
5282
4208
4784
838
852
3269
9103
7470
4997
5105
3325
3607
2894
9258
9648
7569
7845
6543
3955
7897
859
4398
8691
3887
4868
4123
4944
8935
1319
3668
4151
9544
1471
8997
6995
1585
7710
8387
226
2935
3811
302
1980
9775
1992
9074
2337
5189
169
2462
7358
1254
4553
5294
4023
9474
7060
7564
3715
9240
2546
6844
8169
5109
60
8638
612
7670
1571
3256
8800
115
7480
5952
818
12
703
4131
2422
6116
8013
4782
6337
2007
3181
1497
94
7536
5356
1202
2558
1781
3485
3729
948
1650
3598
7832
5592
8386
1076
1032
1221
9951
4544
5999
7003
4741
4701
1494
8467
9372
3438
9275
51
901
3116
8078
1810
4431
1520
8135
8953
9624
5451
5339
3900
6440
3672
6767
9938
8169
2668
8097
2096
3481
1921
1835
9680
6843
9015
8777
1987
7367
1161
5494
8731
3617
9806
7917
5035
7361
149
5532
3740
1553
7131
5450
1686
1269
1967
3380
8463
4895
7254
4561
5006
3841
6391
3944
4811
2357
9550
2042
237
9136
7868
2447
7318
2248
1383
7587
633
5731
7948
5544
4554
6173
5409
6828
6749
2398
7300
1074
52
5053
4418
8519
6133
3798
3495
9381
8302
2519
5763
452
8767
1597
23
8105
7847
9839
5297
8233
1414
6244
1652
9230
7477
6024
5793
4851
5360
908
7037
7584
6937
267
2453
4081
7917
632
6004
4767
2068
566
8292
9819
6376
9998
4972
8884
2082
4943
8174
50
2313
9884
792
7196
9161
1983
9344
2244
7369
60
9952
3783
8803
6267
3148
9732
5076
6692
1036
5096
1350
3895
3205
2816
3555
7957
1775
8576
455
17
6643
6160
9465
6314
4224
1098
8741
8681
5915
3282
7681
7621
5560
1936
7490
1526
8335
830
3873
3732
9636
9990
1814
8573
1627
2498
6476
5116
8688
435
8303
9616
7052
3076
9066
9652
2934
782
8694
3116
5310
2297
7523
1275
5823
9376
9486
5202
1355
6209
5302
1219
8001
255
4097
3797
591
6242
7502
8193
3566
1439
5810
8521
3906
6763
9179
7365
1803
2319
9263
9175
8653
6614
6032
3680
5420
559
220
5069
9926
2322
6250
2878
8549
4230
5205
8999
4402
8209
7616
9991
9297
5055
3181
9988
1048
9904
5747
851
1276
9353
957
7773
9736
4805
4840
6346
476
4971
4203
9874
8447
7676
3023
6316
2137
4515
1701
6118
6293
6937
4030
520
7477
5317
7655
3934
5245
1334
6883
5302
4347
439
3060
4403
5363
3011
9363
3375
5392
8667
9342
3253
1861
7437
8714
7111
6493
5435
1231
3515
6142
9592
3754
4864
3817
8859
5631
7421
9373
6250
8796
2053
5514
7421
28
3024
7500
1554
5469
4329
2268
7454
9551
4678
5759
633
6553
9702
870
2428
6749
8645
2790
639
4603
7243
1695
4808
8794
512
8624
6360
6589
6396
5155
8003
2839
3536
1128
6557
4775
49
5513
8450
8200
428
357
9927
4920
1305
4949
4332
5604
2698
9296
6200
2268
2990
8976
6397
1551
6095
874
453
7392
6605
5323
4589
5296
7908
7949
9086
6084
9911
7241
6261
2012
218
4700
6368
1922
3209
8505
6507
4380
9012
4805
1412
3995
5517
1842
5539
7859
8674
2637
6563
6212
461
8987
8290
7116
6233
4095
85
2713
8192
4452
6359
6950
989
7876
3293
7004
2272
9501
6772
2171
7710
4864
7455
2937
2820
2865
6232
5382
9792
1313
6568
7596
4642
4769
1863
7751
1269
8670
2052
954
1452
1980
8975
3
4847
190
7749
655
1628
2123
8248
5040
8471
5206
7697
2781
7013
1254
7364
4246
2391
9798
2119
2634
6560
3516
1355
9540
3421
1946
8259
6822
7851
5962
7722
2998
6779
3492
7549
96
7966
9530
1512
6243
8241
8520
9201
3689
4770
583
5744
7688
1515
1065
1102
8301
2143
421
8623
7441
5721
2410
7276
106
6206
355
8567
7048
3
9317
8544
6219
5054
872
4796
2765
36
9390
5463
9679
438
5975
269
7067
9428
5935
346
9995
217
2088
60
3287
6329
7376
8757
9361
2249
2437
7558
7621
3916
7937
518
7070
4471
8195
361
4832
54
6164
846
869
6655
5573
3733
3646
9417
6317
5133
5919
6517
2542
6236
8117
7972
5265
6191
7179
81
9564
922
2994
9908
8813
5673
1070
4138
8879
7974
9095
1407
9684
4819
9486
6202
6039
1224
3092
7981
1426
3850
8973
6205
3194
2572
9741
6722
7836
7677
1020
3459
7564
283
4333
6881
6252
9402
4536
9385
8241
8513
3428
821
4384
400
9308
1865
9706
1086
7699
5572
6570
6041
7812
6370
5325
107
6185
4063
6142
3929
8022
5976
479
2182
5004
5374
9728
4478
7800
4153
894
3595
4246
4700
6946
4918
2862
9640
6066
7921
889
3638
6751
9790
6919
5376
3246
7782
2768
5179
5408
4433
6875
8212
9548
9993
3184
4699
4635
6676
584
4047
5197
2708
5326
8210
9619
9525
2145
2041
1938
1128
4510
4692
7876
6922
6129
5557
19
7579
6782
7100
500
6236
3172
1859
1440
3582
2939
6343
7198
3422
9795
8881
9914
7073
3847
4590
8865
3923
2390
4348
9215
5311
7896
2642
6555
9211
4607
5704
1711
8143
3674
4458
1637
253
3466
1894
2169
9212
1957
7370
8007
85
7491
9862
4324
9225
827
7024
1584
3004
4359
5795
6212
93
5953
5432
9671
446
6760
8439
4664
4094
1529
9493
8521
6258
4150
2539
5877
6524
9798
4641
2451
2314
5980
9475
1304
6126
1972
6330
2956
6463
5679
2892
5963
6177
9005
6190
1445
1367
6899
1201
9256
3214
3596
3816
3613
7521
8055
2535
3444
2880
2387
6265
5718
119
1142
397
9814
8501
3640
8959
1774
9894
9657
6408
1965
5895
4396
546
9952
1129
4647
9541
7674
1137
2709
763
5137
3645
1651
5708
96
3688
6598
9087
2242
349
3217
1838
8342
2325
3267
6248
1638
4320
3585
7529
4125
9588
9605
6075
9165
117
98
828
9419
8531
9644
4373
466
1797
4342
7866
8026
4232
7111
2537
765
6723
7387
9879
9645
5326
815
1991
9541
6054
4588
581
4096
2238
9622
3126
6952
5490
6875
3345
9932
3597
3024
9225
2239
9090
7928
5027
2164
5263
7749
2938
1860
3328
7420
1736
44
170
606
808
10
6872
7890
9036
3146
4916
2399
6780
6075
8632
5289
829
5707
7687
8530
4246
1558
5352
9993
1307
4601
5043
6608
4336
3985
7192
8787
5668
400
84
6630
4567
4835
6441
3274
654
6642
4408
9818
6364
8427
3532
5161
2329
2143
4867
5138
6447
3745
1864
9177
8465
1536
3839
4406
4879
5262
1781
5841
274
4001
6175
5259
2428
9540
9560
8770
6246
3355
51
4570
5258
9959
4480
898
8812
2904
255
2553
3783
69
192
637
8083
2554
366
7524
4543
5146
7469
3176
6563
8534
3494
6432
4993
8589
5377
2270
7870
9577
5335
4294
3934
8873
2163
4717
145
3091
338
8847
3283
9934
7925
2888
8385
9061
4039
257
6350
7107
1223
7858
6293
8301
4307
2178
2611
7543
8538
7763
6806
232
4520
7076
9850
6143
9916
5549
4080
3893
5323
9420
8001
3489
2370
512
7232
982
6902
8809
9967
1216
5441
8842
2331
1341
5719
7780
1633
201
7960
8469
7608
6535
2043
4902
1382
3620
917
1602
2506
6328
4110
9930
8995
3036
5220
7247
5289
3079
8236
3861
8244
6205
1499
390
6334
9883
2679
7767
4164
4701
5800
8031
1353
5891
5037
153
8494
926
3222
352
8797
108
4548
2206
8753
3173
6091
1759
8157
3054
4193
5268
9084
6770
116
9278
6572
1205
6604
796
2087
2627
6700
7821
2908
9643
7621
4941
451
75
8276
968
6852
5486
552
9671
3501
9432
3751
76
3735
47
6526
9877
4374
3758
5365
2049
9366
8160
3519
93
9400
4414
6543
2626
664
7586
821
1108
3918
7856
9181
562
6152
4895
434
9461
5481
2538
9660
3372
1614
83
7253
5491
4857
9364
9815
8755
2951
3197
1187
2245
9292
1372
7796
8830
4529
7134
9975
6867
3943
4313
1998
4517
2569
730
1856
3269
3778
7556
8238
5270
998
6661
6565
6379
2294
1224
4579
2610
921
1939
3559
1238
8925
4595
5638
7499
6078
5127
9126
4522
7992
338
4891
636
7300
2711
1280
3509
7780
1898
259
1726
1368
1300
3728
3557
1779
9709
9238
5290
5555
1360
1633
5024
7854
9636
8125
8341
7689
1231
9591
6571
7059
5412
277
8645
3059
2294
7813
2453
7907
2801
6357
4047
3100
2731
9598
5750
4093
9773
2728
1040
171
1228
1892
921
4604
2275
8239
6363
2820
3917
1666
3309
388
3167
4260
6653
8108
9353
3494
7501
9410
3934
5316
7721
677
9468
1579
254
7470
432
3486
1140
8519
4558
1628
6945
8867
7999
1585
7847
4170
8719
7521
7161
571
4478
2920
257
5221
8301
1530
426
4994
8936
2168
8973
3895
1589
9202
3466
5726
6449
1766
3003
2087
7591
93
4470
6566
5779
1426
8242
2508
5857
2390
4048
933
6651
5606
2417
8740
3312
2043
7002
6542
6843
1357
3503
791
3470
281
5144
5198
6027
6850
2395
5926
3837
2886
6857
7779
6113
2612
3048
672
1299
4774
6570
6577
1718
4599
4726
4423
4024
7415
1612
2911
9736
6518
7915
645
7328
9453
9657
8322
6314
6622
2879
7127
6807
8528
7483
9655
6925
4701
4611
5705
6181
4064
4767
187
8181
1718
113
9627
5962
2411
5975
1016
6071
2209
7028
6754
6213
4547
6441
6858
6259
1143
4272
4691
1024
7199
4800
115
1382
1019
5791
9328
4288
9419
8170
1578
4563
7996
5603
96
8641
6906
4352
6231
377
8566
8669
1926
7037
793
4202
7974
6513
1863
6035
6086
5702
1732
581
5516
8779
3253
7323
8062
3362
1599
8280
3367
294
2506
7741
168
5476
5563
9319
3501
4753
7038
9531
2611
2065
904
7232
5796
8038
810
1503
9113
7930
4461
7406
3348
9054
7270
3021
2752
7448
3220
5156
9971
8595
6908
1350
4709
1227
2181
3194
1059
8824
3002
1235
9927
3103
435
254
8330
8166
2925
1048
8665
7738
623
8258
2628
7473
8346
7292
7737
1688
8927
9786
3882
4295
9048
2399
2717
4579
5380
2826
1790
3340
8010
45
5597
475
809
4783
6569
4565
1822
5651
7273
5668
8042
8006
9492
4501
2646
2709
7124
9051
1470
888
349
5044
5334
9302
4366
8163
7885
1725
4809
9094
3655
8872
5585
6272
9076
5491
5808
2357
6655
1292
4657
7472
9432
7663
2674
5321
4110
9903
9510
4105
1176
648
9982
6193
2522
4855
9705
746
9129
4715
6034
3226
7974
1869
4232
8492
7308
3179
9928
4236
211
4081
8474
4202
9711
1444
3932
7268
834
7470
9228
6871
8278
4236
1032
5689
3787
3716
4844
6973
4302
3701
1235
1330
8471
9386
4053
7150
4951
6524
3498
7902
6170
5272
2836
1399
890
8723
2827
9346
1679
3586
9685
732
9247
6593
6700
2773
8238
783
4855
255
9349
6017
8067
541
4046
8042
9643
2077
8303
8870
5862
1802
4258
9124
9471
3469
9548
5133
5764
8269
1127
7375
9845
2464
9707
2822
5419
9529
4520
291
4184
3588
8145
6203
1163
7251
2713
1095
8486
6465
9417
6673
8322
4050
8026
6499
3473
6753
7491
7245
617
7942
7341
7561
9956
2554
7862
8744
4934
8359
3892
4931
7105
7301
3023
7197
3603
2865
9033
7275
3732
6617
9426
1727
7395
4151
1525
6969
7273
5555
9996
613
9072
9971
9607
8370
6894
4054
3861
9763
9734
8351
6888
7868
9734
1368
7794
4182
3386
1687
3946
148
9199
3744
9731
4270
4033
8002
6281
607
1295
5371
9991
5657
6333
4005
2107
2999
4989
4075
9572
5916
280
3319
3015
530
3593
180
5135
5074
4326
6615
7069
2367
3427
5186
8279
4003
2630
6602
4854
4634
7604
1604
211
1108
5044
6253
192
1606
6264
7147
5491
2867
8283
9532
8977
9267
9129
7168
9928
4400
2734
9089
1699
6478
5031
1535
4052
8206
1012
8652
9344
454
289
6589
9953
1206
2645
5250
2690
4226
1893
7167
2049
8133
8837
798
5714
9552
6546
4614
5423
3994
5861
6966
7077
4069
7082
7371
8711
8341
1458
8008
1215
2439
2529
5271
3794
7761
3806
134
7977
2178
9041
8521
6888
1518
4206
9328
1424
3307
4006
6898
8922
5168
3317
8860
9805
2056
8242
869
7289
4104
6182
2120
4092
737
1714
6956
9689
6182
7991
6879
8865
4169
2231
3991
6927
1924
478
5860
4833
8148
3886
7304
7510
4469
2486
2642
8246
2739
1722
1383
7500
8870
9701
567
5472
7867
2184
455
7656
395
3056
8632
5148
9229
1346
8433
9075
859
2901
8568
5695
9744
8465
1051
2422
8847
9745
2583
9028
250
5407
7196
8567
4365
7333
2773
8170
7610
1633
2597
8314
4653
1449
3750
6728
2579
6445
3917
4173
2819
4133
4053
2801
6060
5588
5076
1522
9494
8239
6623
151
8555
2946
2750
851
2136
5895
8773
3468
967
6137
9457
7146
1715
1550
7369
3243
8581
6521
2244
4037
9142
3786
8661
1047
8328
9004
7651
2711
9886
5458
6186
6227
3647
4433
4827
9201
405
5208
9241
4140
5546
9867
6281
5095
1846
5110
619
5065
1448
4422
6423
5206
6500
1248
5232
2855
7445
814
7600
4839
6594
4928
5661
2941
9037
114
9796
9267
9219
1649
9181
5784
9163
2590
2295
3361
2478
4896
7101
9120
631
1136
7195
2806
9268
6183
8483
3857
614
7588
544
6426
4960
6900
9280
700
4273
5479
1761
1498
9147
1766
3442
4956
8037
9495
8215
4906
6853
9987
7371
7878
1208
6644
9603
5644
3275
8972
4570
246
8271
4496
7436
4925
4529
9837
3138
122
8902
4558
6334
2523
5586
5559
8652
6463
7060
8609
151
9925
8480
2780
5918
8910
2778
2986
7664
277
4060
4130
1101
4535
2604
7831
692
7976
415
2612
4738
8323
3674
4826
8886
9719
1009
2251
2058
2804
3452
5745
2629
1931
9285
4993
4352
5624
5648
622
5310
4346
209
6769
7685
3442
8991
2722
1924
9086
7881
7700
5609
1504
2398
9102
4363
4298
3330
3793
8518
5495
9016
6828
9121
4849
3553
2150
448
1730
169
3193
450
5366
753
1346
7213
3783
8086
7345
6505
22
7803
2097
1624
464
4281
3419
8326
284
4259
4187
1451
1482
3711
3170
5274
7221
7435
4778
3205
6799
284
6241
5316
3518
7926
3137
8656
289
3753
8937
5062
5050
8865
514
6014
4703
7153
9868
7641
5267
7811
2442
1045
8805
986
3621
6580
7528
3868
8982
4781
1375
8576
1262
4804
3027
4453
5339
6681
5304
6516
5832
5283
7682
3685
7263
2747
8620
6381
3391
9701
5267
879
193
1303
3740
2544
165
9221
4145
9610
6088
4610
6943
34
7647
9679
1864
6103
9580
1084
4019
7621
8623
8705
5631
9556
2049
4949
2766
7544
2226
1583
3542
3778
2318
8177
9828
6576
3171
3394
7635
616
9249
2465
2162
6038
3668
7
6620
7224
3003
7373
2214
8546
1090
7402
8215
4878
2553
8969
6940
1493
4521
7355
4454
8646
2202
5308
6521
5293
1916
9486
1636
6036
4757
6922
4035
9111
2700
2913
3076
3380
9336
4940
9275
7974
8995
2826
2674
8849
4862
7031
2499
4793
3971
8031
3893
8026
5164
5911
4552
4299
2652
6663
7690
7456
6591
9602
6011
6977
7272
6975
5326
6366
2937
2647
9095
1899
3368
1507
6831
6602
9261
3882
7309
5121
8198
7899
1551
7898
656
9431
7553
8716
2741
9127
8181
6043
6032
834
1918
8579
7315
6553
7359
165
3506
3377
9755
2497
5198
2898
9894
9150
2231
9361
1139
8371
1307
6392
8472
7469
5413
765
1771
9892
1508
9319
7277
1679
95
7641
2740
2692
9448
5060
550
1525
2544
7688
2514
2287
2673
9581
1006
3175
7544
4947
3186
8354
3929
6353
519
4821
28
589
4092
9783
6924
3948
3009
3122
5207
2755
8185
8185
6991
8541
3465
9930
4681
2783
3412
3677
7851
1982
1598
3739
5721
2434
2114
8058
8099
6324
4379
9433
6036
4967
550
5595
5056
4608
9801
3558
8694
1689
98
1042
8934
4881
1068
5876
7592
6609
5096
2957
1032
3190
7965
6164
6704
8890
4364
3068
7417
9462
1622
5859
4434
1247
5386
9718
4634
689
9715
6824
498
6385
2131
8599
407
5643
3383
8964
6024
9031
5780
5502
6041
7085
9096
2741
8834
3496
8372
7082
6177
6784
4841
616
4834
1561
5860
5889
535
1271
8197
3061
2897
1487
6991
4142
7681
4515
5869
2572
2708
3783
8490
8425
1444
4318
2584
8175
5499
2460
3511
2905
9255
9081
7688
7329
5059
8912
6324
4184
1367
810
2619
1320
7039
8598
2327
2537
5537
3926
650
5889
9168
9400
8557
6658
5050
2001
3377
2628
7452
4212
4842
3636
8409
2639
914
1655
9658
2491
4744
7027
9850
5204
5232
8035
5446
5797
824
5794
812
9038
4517
5870
4515
5196
737
8440
7203
4346
7500
3051
7534
7203
3679
5565
246
9159
2474
9754
311
1395
8525
6589
9776
4697
9910
8425
6610
7438
5890
5541
435
3902
2727
5496
585
2631
5433
8316
418
4725
9187
9074
9390
4699
4069
1177
2496
9486
9068
5222
8679
5146
4806
7714
117
7498
504
3990
8153
5972
9350
7460
8591
4222
6604
8832
5515
6201
6056
4674
2766
1540
656
2920
8793
5581
1141
7731
8969
2102
2968
5527
2670
2016
4048
6983
3539
1298
1824
1313
833
7521
562
9465
1785
6664
2127
1797
8231
2445
3985
967
9821
2812
8324
226
6895
3482
7688
6105
6990
1683
9195
9927
8461
9756
3227
2203
8322
7567
851
3462
2840
5543
8226
7128
5209
4791
2733
5736
1481
3944
6768
895
2744
6694
7340
3540
3950
8516
7980
8206
454
7858
5037
5353
2400
5746
8209
2821
7166
212
514
8897
6916
3433
6077
6326
4577
2157
9418
9552
970
6221
3647
2996
5008
1471
3149
9557
5932
5971
6490
2913
1623
4720
2267
2811
3842
8093
9851
6285
1028
309
2095
9444
2393
6179
5631
5317
3192
7166
8345
5037
3315
5103
2522
7379
383
529
2276
785
1567
8251
9947
8339
1927
2043
3891
8401
1128
2748
3346
3138
8526
2386
247
7661
8950
4155
5403
3185
1064
4768
255
658
1126
9758
9655
8173
239
8938
9361
1283
3170
7112
4549
9392
6526
793
6829
9919
7409
4223
8527
2547
7633
8120
1027
2322
2161
8915
9558
7566
7436
260
3676
4400
884
327
557
2962
4293
5340
8809
5493
3809
8508
4140
7465
7643
3394
3710
6002
5129
8936
735
4877
1248
7913
2060
3044
7324
8066
1965
7122
2456
4105
2085
6303
7131
8919
3865
7464
8681
2663
1505
694
9619
8557
4772
8946
7240
9243
4742
2610
7133
40
1029
9451
3501
471
3725
813
9411
5919
9647
5386
3057
6129
1775
3008
3820
3285
6983
8622
9776
5446
5451
2089
2085
1046
7066
4439
301
7908
2436
7431
9510
9808
4183
3079
395
2897
9179
4874
8429
2064
2378
7179
1025
6313
4373
7146
869
9749
2033
8505
2354
5685
7954
1525
5348
5457
1259
7206
9581
1823
9709
5806
4394
1576
3079
4846
6082
9048
8974
8343
7745
2843
8572
3222
1673
7490
7640
4112
5278
8503
4666
4986
1207
8329
640
5796
1008
133
7825
6421
8484
8701
8936
5990
2830
2232
3420
4335
2818
1263
4628
5830
7447
4418
5729
9451
2741
679
4731
4577
8270
5296
2085
4793
4682
4407
2964
6962
501
2136
9164
1037
9076
2783
8718
4628
6308
3622
9113
1275
3055
6959
729
3203
2313
5473
1412
2665
8535
1392
2286
405
6292
7154
2550
1608
8398
1049
290
603
744
5637
9740
8564
5680
9727
5289
9235
490
8696
244
3414
2875
1323
9672
7982
1626
564
5641
988
2632
9323
934
7242
6561
5139
7483
9258
7806
4386
610
2163
7592
8915
2630
9809
7951
9650
8604
301
1127
4166
736
7852
4033
8928
5360
500
108
4351
4396
6687
237
6667
2884
2034
1391
1947
8642
7202
555
1237
4014
6641
9791
303
5513
8405
1242
9840
5448
3686
5190
437
7955
4094
3566
2724
825
5522
2503
9517
6621
8564
5248
390
1036
4571
6186
3572
7693
6269
4749
7432
7516
6961
7593
8476
155
3338
5248
8778
5956
9556
5942
1810
5457
4362
615
3359
5239
8504
6885
8177
6095
8706
4500
8043
769
2585
7701
1031
6327
2866
194
9626
6907
9564
440
5425
153
1564
1516
9281
4169
1612
9833
977
633
2682
2314
7094
2256
7935
3126
7199
8960
4000
4127
7456
9261
4091
1526
4938
8599
7540
8138
8818
7102
1904
6513
4159
2351
9236
5022
5227
5016
592
4277
1358
2291
9780
7757
2634
3695
6676
9679
3887
7448
4129
4896
9628
6825
3688
8658
1234
7276
1487
5161
3266
1455
9980
500
6322
4529
5439
2450
8436
895
10
2136
5478
6929
5082
2185
5132
7034
5547
1864
1312
8745
2261
2508
3025
3164
2395
1295
9443
1505
511
4295
5570
7021
768
6774
4690
9937
3227
1083
2498
2852
7781
6077
8193
9972
5124
2097
1681
7753
6249
6373
4286
8734
7633
8471
4507
3288
4795
7794
9581
3490
6130
6556
9118
3461
6389
6494
1299
820
9964
4728
9254
5553
1153
3184
6165
50
4656
4982
1019
2325
7012
9720
9307
1375
2439
9499
5226
2326
8730
1257
7300
7643
3966
8193
3154
7249
3337
2172
4484
6624
8449
8802
9126
7969
2944
4713
9084
1740
2551
2609
3227
8346
1755
2957
4943
3328
3297
197
308
3813
1726
5813
1198
142
1545
3024
2426
6383
3500
948
7039
754
4967
6812
6059
2054
1925
1226
716
333
2759
6536
9021
9767
5655
7333
1291
1244
1735
6770
8656
8371
1296
4342
84
5696
8542
6457
8651
6536
3470
8973
9967
9137
2001
3885
3339
8142
7377
9226
8569
6382
5861
239
6328
4691
7869
9783
5215
6865
8367
6946
912
7464
7706
5820
5252
6420
5178
7397
818
6213
3193
272
3204
5418
3923
4403
5888
9089
4010
5625
1673
8573
2174
7559
7429
853
8220
4923
4561
3342
9681
4257
770
5170
878
3308
1889
9654
4935
9668
5751
8827
3034
33
1142
8195
2150
8276
7311
9492
9960
9282
3947
2230
1528
5352
6103
1568
6824
6455
6993
6150
5496
7686
5402
8977
2295
5994
5345
6143
7709
584
6864
2766
7889
2714
2268
6407
5790
6215
808
1156
5344
3441
3038
3469
1470
7431
4186
4757
1763
2440
3451
4083
7696
5482
2107
8068
9645
7164
1549
2330
1796
5359
3359
6008
7876
618
1705
8162
7736
9071
2509
1394
1611
5174
6765
6214
4431
9019
9749
48
5336
7732
4109
168
4768
2030
1265
4595
3822
2690
8344
8117
9589
101
7451
9387
3694
2647
100
7304
2329
4909
1829
6994
1665
4738
6232
3079
1191
4571
7013
3976
5997
6226
5797
837
2294
1295
5443
4958
6569
2677
2893
9064
3033
1171
3310
4627
9465
9992
4124
7554
5080
1465
2907
4299
4462
7796
3497
8642
3310
635
4212
4079
1112
522
7357
9723
4950
3459
8958
5611
5520
8234
568
2261
6598
3944
1736
4231
9164
9824
6597
794
8349
7723
1913
6782
49
6150
9405
4866
7532
7141
4283
221
9797
2155
6570
5107
6725
9828
9809
7884
9516
6777
4426
5796
1606
1537
6262
5595
406
2080
1765
8612
4836
5857
2711
8996
8747
2076
1466
6341
9578
5615
5001
9969
6681
2602
3047
2614
7843
2297
2431
1095
6660
6575
2870
8439
5651
510
7644
6232
5064
8958
6696
3954
2617
2333
3475
8627
8404
1979
1997
473
4485
3042
6419
8228
4407
3378
5227
6014
903
9914
5129
2838
5477
5858
838
2390
3517
70
2751
3440
5465
8200
3851
7888
590
4594
7527
5828
1336
3872
15
9081
153
9304
173
9450
123
1232
5074
8806
3894
9006
3899
8784
9317
8619
3524
6329
6060
9153
801
7565
1798
9587
1275
3410
8003
3305
7580
1520
4623
4876
7514
1984
2299
6017
5534
2051
9060
8158
9945
7674
4822
8081
2249
7774
4685
5390
9231
871
9253
975
2837
9891
8601
9662
6692
4436
7010
5129
6465
2731
3344
9707
9705
5393
6910
2943
1800
5691
2174
2026
4768
3337
1243
9871
3128
8037
8643
4777
9556
1906
5626
7805
1618
4361
3496
8900
9226
387
5504
772
6642
955
8702
5601
7582
3722
8152
6601
6584
4686
3238
5708
5849
2979
5413
4971
4919
791
5294
1370
2391
7185
1665
8337
9347
8914
1719
9407
1046
9570
6655
7190
8847
7303
4742
4753
7238
8034
463
6709
4815
7713
8584
6689
2694
4511
2305
4631
9433
1824
5529
6218
7022
9223
8511
6113
6379
1847
1418
9116
404
481
925
8146
4557
5050
4252
2810
7115
3711
9931
1267
1414
8971
140
800
7492
33
9449
5178
5064
7796
1705
9049
63
6171
7786
9014
8171
7277
2770
9977
4892
290
8476
7758
6775
3441
1479
4549
1992
1994
59
2679
5088
7386
9872
9550
9703
3172
4702
8197
7805
1775
4831
8834
3859
1335
5677
1795
5243
1196
3733
2204
8874
6946
3375
6589
1084
6395
3511
9953
8685
1594
5534
4985
1214
5704
5344
7072
5839
3609
6845
8329
5155
5165
7090
1098
1053
778
5015
1680
4090
2924
3043
4425
8392
3866
7839
2462
9617
5890
8261
7346
821
2627
2100
6342
7253
8794
6852
7995
5156
627
6746
3811
4788
9351
7079
3298
4745
7382
142
1043
90
5714
3989
5705
5002
531
7485
7354
7092
4856
8326
3392
2357
582
6830
1824
7164
9552
8561
7430
5963
5691
7403
6453
793
201
2822
3139
3269
2218
4664
7738
3594
8708
4884
7282
5383
8740
8627
7982
318
1429
8412
8051
2875
1941
864
3976
8403
6122
4776
1848
177
7480
8744
669
3258
263
1131
1774
6450
5856
2007
3832
2986
6173
2018
6080
375
4331
1066
5017
4000
6579
4038
1074
7485
6692
8368
8386
4374
4872
7641
6948
2914
6433
9290
1405
7663
3012
5536
3699
245
9389
6324
4143
9753
8316
7836
9596
5560
2617
1560
7357
8132
187
4581
4880
7796
6361
41
8217
5858
1264
5591
2347
3784
5446
4524
3723
1603
9456
4780
3901
3734
939
11
5905
8654
3949
2028
8597
3109
7409
4545
8657
673
8311
175
7715
1935
6037
9191
5755
8483
3754
4822
9932
5523
2289
5211
6169
2350
2304
9368
65
9035
5444
3478
4977
9024
685
9077
8498
1823
7006
8152
8772
5431
6905
3813
1916
662
1414
1825
7346
6433
4227
8389
5471
3746
6370
2010
5199
8938
2378
8189
2987
9951
7297
8119
2986
7777
4199
7906
7183
6893
430
3908
1172
8171
6274
2046
5607
2279
2110
9381
40
6829
6956
105
425
5979
5030
1156
4731
5514
1129
7355
4123
6481
3966
7995
7044
5522
8498
9142
9786
3738
7828
9728
4048
3885
6676
4029
2017
4715
5832
9096
1350
8957
2004
1475
2869
11
3253
2032
7870
8872
8648
5627
4429
2294
1958
3147
2969
4084
4692
9258
4114
8128
5624
1640
7853
8979
5995
8616
954
6608
8084
8837
5199
4836
8034
6298
6827
5846
6289
4207
258
9200
9781
1113
6773
2366
7441
5028
2536
2470
7700
7610
2879
7101
1700
5414
8958
2173
43
1429
2310
2226
236
4404
3529
8984
8916
487
8845
4670
9097
9304
6412
3393
7268
5739
7936
